837
380 328
691 206
82 136
385 799
603 802
2 93
353 461
703 223
392 781
100 356
299 49
11 12
7 23
602 596
689 619
182 79
205 408
410 695
811 302
612 425
99 168
136 562
56 610
719 420
285 381
610 659
86 276
81 103
644 353
14 336
183 791
307 277
626 316
162 818
461 677
37 423
57 428
65 671
837 597
220 202
533 321
579 174
777 368
412 156
546 214
225 387
34 446
551 162
391 549
162 146
266 194
504 151
57 28
82 46
83 46
530 29
716 722
776 382
365 139
131 254
88 824
692 284
138 764
5 17
139 674
727 240
200 440
670 169
12 130
195 756
67 3
222 226
45 36
163 382
49 375
229 213
572 137
32 295
821 199
606 306
338 326
221 527
521 265
557 357
616 86
212 759
392 524
216 577
24 403
647 17
334 426
149 97
107 834
351 292
601 762
305 256
334 66
578 536
105 158
25 354
23 32
128 672
526 710
302 662
173 192
373 443
440 831
48 413
41 49
40 167
681 557
264 482
200 358
581 800
39 8
149 584
366 26
175 179
379 375
94 14
425 477
568 632
274 543
678 663
749 401
176 85
665 737
581 350
72 110
744 698
585 207
132 71
314 86
126 490
770 599
48 64
594 832
96 58
189 1
279 590
798 598
167 205
181 185
9 26
25 38
685 354
464 241
58 2
30 298
55 17
108 94
431 303
47 12
80 486
595 581
92 225
138 465
81 269
310 305
108 471
353 203
149 151
488 282
123 90
395 723
154 281
713 56
154 348
112 582
69 15
70 420
23 248
471 765
284 359
76 2
577 815
305 352
87 583
255 223
15 120
22 68
809 531
110 594
79 172
388 299
300 36
313 278
401 575
47 61
169 143
113 16
116 29
566 464
340 330
211 743
184 717
236 65
36 80
416 308
342 175
503 636
245 620
137 59
203 489
574 261
139 247
396 99
161 221
728 806
646 830
211 501
415 256
109 56
308 511
52 63
536 80
835 739
555 497
129 24
257 646
1 434
61 140
187 439
363 621
556 382
286 515
177 493
124 462
643 452
439 627
267 303
4 283
49 783
609 565
24 15
532 85
28 174
711 206
286 170
411 371
88 315
668 595
310 458
311 151
126 279
24 111
134 79
242 547
242 163
498 304
518 27
262 784
102 70
596 535
421 157
653 187
79 224
65 553
210 46
349 310
89 121
491 94
44 339
71 2
80 325
126 592
539 15
10 11
639 119
638 462
297 34
642 221
825 36
530 531
77 51
363 391
251 267
516 137
89 828
292 240
8 3
466 473
1 7
20 370
189 738
46 90
421 788
88 126
31 180
97 87
42 362
377 341
116 792
567 262
14 163
787 451
121 145
119 688
179 193
539 580
51 28
84 18
218 13
249 4
190 345
128 499
76 623
27 346
87 104
725 87
8 52
720 182
140 424
772 456
291 494
715 523
131 21
755 273
27 308
514 542
262 508
217 367
87 275
16 19
278 189
785 306
19 22
667 284
5 573
276 451
763 224
365 535
64 385
507 215
372 789
34 13
740 683
355 104
433 552
702 516
611 597
795 698
386 334
322 202
131 263
63 200
101 487
526 221
26 257
406 365
377 378
99 114
509 174
6 53
110 274
16 31
2 41
92 565
209 215
219 803
166 144
675 458
294 327
294 640
50 3
469 286
92 350
14 56
658 516
115 102
269 563
463 453
614 350
813 171
164 48
145 399
231 664
143 124
21 79
724 22
12 427
92 206
46 73
287 794
558 62
37 288
170 140
655 585
774 273
169 195
478 379
21 42
369 694
132 139
270 109
660 400
2 147
801 234
17 21
112 25
320 170
252 8
222 180
194 114
18 357
19 138
328 225
10 564
78 36
748 348
452 135
141 716
81 780
478 819
68 154
645 30
166 181
105 104
253 63
432 63
219 208
607 728
78 186
72 475
290 59
501 591
14 265
796 297
92 21
708 319
782 708
64 393
8 241
701 251
233 733
669 357
65 212
190 78
190 769
64 816
445 313
709 666
741 69
705 267
673 209
309 231
429 510
433 548
98 59
202 4
27 106
503 357
158 165
384 299
648 495
164 599
476 182
220 383
739 411
753 495
481 358
59 31
287 657
273 376
622 61
166 700
231 60
163 227
127 80
649 276
89 392
726 548
235 394
561 160
123 125
135 656
682 105
188 14
314 773
278 829
6 495
360 144
250 199
33 101
395 153
187 449
176 751
823 504
279 771
266 827
448 305
287 277
244 184
7 40
12 14
540 266
86 598
393 805
400 401
55 66
427 650
201 330
151 239
442 707
397 456
214 155
158 735
3 72
273 364
324 121
198 457
192 601
282 178
120 272
46 34
8 107
199 192
73 603
42 99
164 568
166 409
150 5
571 651
183 38
719 822
25 27
3 5
629 284
790 522
207 184
42 729
569 476
193 505
807 83
133 100
597 9
545 604
17 60
47 91
820 583
686 677
211 159
70 184
260 50
118 4
271 108
24 85
178 474
72 216
415 718
512 491
37 208
757 817
87 203
335 93
202 665
483 386
38 317
247 390
273 81
10 3
514 50
159 75
25 243
64 148
472 10
89 142
586 435
185 661
273 693
135 122
435 48
680 319
234 62
268 74
179 442
492 115
185 232
410 11
522 166
65 15
410 587
687 364
127 284
433 182
768 12
619 467
52 343
99 100
633 732
747 503
35 316
470 134
752 295
223 50
14 605
173 167
4 70
528 12
155 538
745 542
152 696
33 13
15 30
496 76
44 41
50 256
191 237
123 502
479 389
804 704
235 7
373 311
90 417
646 746
5 153
641 601
156 285
36 19
97 197
704 564
613 503
431 631
812 659
706 248
742 760
786 596
6 2
86 33
3 9
541 312
589 775
164 617
267 797
478 529
736 545
85 321
53 363
374 232
304 18
261 97
258 654
836 183
15 25
294 160
154 251
279 500
204 326
389 169
758 536
464 814
379 537
155 128
279 302
436 141
552 690
625 118
467 320
156 151
684 504
430 300
56 714
172 633
201 398
699 562
485 356
188 761
95 58
484 57
110 146
34 87
474 618
778 496
628 582
608 192
279 437
405 195
342 697
291 81
426 630
140 468
455 149
233 61
379 779
246 48
17 635
141 103
742 65
110 734
175 163
750 401
372 180
9 13
833 591
333 267
28 20
118 337
60 306
474 506
124 53
492 513
331 300
431 634
767 376
20 1
407 163
14 48
318 112
361 663
108 588
4 74
81 75
91 161
826 403
148 191
346 414
175 766
1 4
544 134
109 117
332 418
228 183
721 216
712 595
404 333
217 111
520 593
23 369
517 329
76 450
454 26
122 118
144 637
570 138
265 319
379 429
144 88
167 245
296 66
385 698
54 52
114 187
2 29
607 552
163 347
289 4
219 280
277 241
260 523
545 429
209 130
168 293
173 560
453 213
80 264
648 679
371 102
50 89
27 119
177 158
196 147
75 20
301 101
153 810
35 9
346 402
344 285
213 79
204 466
390 652
447 367
2 37
120 480
205 259
291 425
431 571
18 12
124 361
589 161
195 201
505 550
354 559
529 731
624 524
152 138
202 497
341 108
13 15
262 101
198 72
1 2
63 88
183 683
